00100000000 - 01111000 00111000
00100000100 - 01111001 00010000
00100000010 - 01111000 00111000	
00100000110 - 01111010 00010000
00100000001 - 01111000 00000000
00010000000 - 01111000 00111000
00010000100 - 00111000 00010000
00010000010 - 01111000 00111000
00010000110 - 01111000 00000000
00110000000 - 01111000 11011000
00110000100 - 01111000 01011000
00110000010 - 01110000 00110100
00110000110 - 01111000 00000000
00001000000 - 01111000 11011000
00001000100 - 01111000 01011000
00001000010 - 01110100 00110100
00001000110 - 01111000 00000000
00101000000 - 01111000 11011000
00101000100 - 01111000 01011000
00101000010 - 01011000 00110100
00101000110 - 01111000 00000000
00111000000 - 01111000 11011000
00111000100 - 01111000 01011000
00111000010 - 00111000 00010100
00111000110 - 01111000 00000000
00001100000 - 01101000 00111000
01001100100 - 01111001 00010000
01001100010 - 01111010 00011000
01001100110 - 01111000 00000000
00001100100 - 01111000 00111000
00001100010 - 01111000 00001000
00100100000 - 01101000 00111000
10100100100 - 01111001 00010000
10100100010 - 01111010 00011000
10100100110 - 01111000 00000000
00100100100 - 01111000 00111000
00100100010 - 01111000 00001000
00111111000 - 11111000 00110000





